[gd_scene load_steps=4 format=3 uid="uid://cmkk6svracks2"]

[ext_resource type="Script" uid="uid://c4kkyoayfdky8" path="res://scenes/game/game.gd" id="1_sul5r"]
[ext_resource type="PackedScene" uid="uid://dwkcm1b3245n6" path="res://scenes/terrain/terrain.tscn" id="2_7h61r"]
[ext_resource type="Script" uid="uid://cxgxbvx82yf6h" path="res://scenes/game/world_environment_setup.gd" id="3_0sr1o"]

[node name="Game" type="Node3D"]
script = ExtResource("1_sul5r")

[node name="CanvasLayer" type="CanvasLayer" parent="."]

[node name="InfoLabel" type="Label" parent="CanvasLayer"]
offset_right = 40.0
offset_bottom = 23.0

[node name="Terrain" parent="." instance=ExtResource("2_7h61r")]
auto_generate = true

[node name="WorldEnvironment" type="WorldEnvironment" parent="."]
script = ExtResource("3_0sr1o")

[node name="KeyLight" type="DirectionalLight3D" parent="."]
transform = Transform3D(0.70710677, -0.35355338, 0.6123724, 0, 0.8660254, 0.5, -0.70710677, -0.35355338, 0.6123724, 0, 0, 0)
light_color = Color(1, 1, 0.7019608, 1)
shadow_enabled = true

[node name="FillLight" type="DirectionalLight3D" parent="."]
transform = Transform3D(-0.7071067, 0.24184474, -0.6644629, 0, 0.9396926, 0.3420201, 0.7071067, 0.24184474, -0.6644629, 0, 0, 0)
light_color = Color(0.49411765, 1, 1, 1)

[node name="RimLight" type="DirectionalLight3D" parent="."]
transform = Transform3D(-0.9999999, -4.371139e-08, -7.571033e-08, 0, 0.8660254, -0.4999999, 8.742277e-08, -0.5, -0.8660252, 0, 0, 0)
